조사일,수온(℃),pH,DO(㎎/L),투명도,탁도,Chl-a (㎎/㎥),유해남조류 세포수 (cells/㎖),Microcystis,Anabaena,Oscillatoria,Aphanizomenon,지오스민,2MIB,Microcystin-LR (μg/L),지점
2014.01.02,,,,,,,0.0,0.0,0.0,0.0,0.0,,,,회야호(여수로)
2014.01.06,,,,,,,0.0,0.0,0.0,0.0,0.0,,,,회야호(여수로)
2014.01.13,,,,,,,0.0,0.0,0.0,0.0,0.0,,,,회야호(여수로)
2014.01.20,,,,,,,0.0,0.0,0.0,0.0,0.0,,,,회야호(여수로)
2014.01.27,,,,,,,0.0,0.0,0.0,0.0,0.0,,,,회야호(여수로)
2014.02.03,,,,,,,0.0,0.0,0.0,0.0,0.0,,,,회야호(여수로)
2014.02.12,,,,,,,0.0,0.0,0.0,0.0,0.0,,,,회야호(여수로)
2014.02.17,,,,,,,0.0,0.0,0.0,0.0,0.0,,,,회야호(여수로)
2014.02.24,,,,,,,0.0,0.0,0.0,0.0,0.0,,,,회야호(여수로)
2014.03.03,,,,,,,0.0,0.0,0.0,0.0,0.0,,,,회야호(여수로)
2014.03.10,,,,,,,0.0,0.0,0.0,0.0,0.0,,,,회야호(여수로)
2014.03.17,,,,,,,0.0,0.0,0.0,0.0,0.0,,,,회야호(여수로)
2014.03.24,,,,,,,0.0,0.0,0.0,0.0,0.0,,,,회야호(여수로)
2014.03.31,,,,,,,0.0,0.0,0.0,0.0,0.0,,,,회야호(여수로)
2014.04.07,,,,,,,0.0,0.0,0.0,0.0,0.0,,,,회야호(여수로)
2014.04.14,,,,,,,0.0,0.0,0.0,0.0,0.0,,,,회야호(여수로)
2014.04.21,,,,,,,0.0,0.0,0.0,0.0,0.0,,,,회야호(여수로)
2014.04.30,,,,,,,0.0,0.0,0.0,0.0,0.0,,,,회야호(여수로)
2014.05.07,,,,,,,0.0,0.0,0.0,0.0,0.0,,,,회야호(여수로)
2014.05.12,,,,,,,0.0,0.0,0.0,0.0,0.0,,,,회야호(여수로)
2014.05.19,,,,,,,0.0,0.0,0.0,0.0,0.0,,,,회야호(여수로)
2014.05.26,,,,,,,0.0,0.0,0.0,0.0,0.0,,,,회야호(여수로)
2014.06.02,,,,,,,0.0,0.0,0.0,0.0,0.0,,,,회야호(여수로)
2014.06.09,,,,,,,0.0,0.0,0.0,0.0,0.0,,,,회야호(여수로)
2014.06.16,,,,,,,0.0,0.0,0.0,0.0,0.0,,,,회야호(여수로)
2014.06.23,,,,,,,0.0,0.0,0.0,0.0,0.0,,,,회야호(여수로)
2014.06.30,,,,,,,0.0,0.0,0.0,0.0,0.0,,,,회야호(여수로)
2014.07.07,,,,,,,490.0,,,,,,,,회야호(여수로)
2014.07.14,,,,,,,892.0,,,,,,,,회야호(여수로)
2014.07.21,,,,,,,1063.0,,,,,,,,회야호(여수로)
2014.07.28,,,,,,,560.0,,,,,,,,회야호(여수로)
2014.08.04,,,,,,,0.0,0.0,0.0,0.0,0.0,,,,회야호(여수로)
2014.08.11,,,,,,,80.0,,,,,,,,회야호(여수로)
2014.08.19,,,,,,,0.0,0.0,0.0,0.0,0.0,,,,회야호(여수로)
2014.08.26,,,,,,,1040.0,,,,,,,,회야호(여수로)
2014.09.01,,,,,,,960.0,,,,,,,,회야호(여수로)
2014.09.15,,,,,,,3280.0,,,,,,,,회야호(여수로)
2014.09.22,,,,,,,800.0,,,,,,,,회야호(여수로)
2014.09.29,,,,,,,880.0,,,,,,,,회야호(여수로)
2014.10.06,,,,,,,960.0,,,,,,,,회야호(여수로)
2014.10.14,,,,,,,1280.0,,,,,,,,회야호(여수로)
2014.10.20,,,,,,,400.0,,,,,,,,회야호(여수로)
2014.10.27,,,,,,,1440.0,,,,,,,,회야호(여수로)
2014.11.03,,,,,,,0.0,0.0,0.0,0.0,0.0,,,,회야호(여수로)
2014.11.10,,,,,,,80.0,,,,,,,,회야호(여수로)
2014.11.17,,,,,,,0.0,0.0,0.0,0.0,0.0,,,,회야호(여수로)
2014.11.24,,,,,,,0.0,0.0,0.0,0.0,0.0,,,,회야호(여수로)
2014.12.01,,,,,,,0.0,0.0,0.0,0.0,0.0,,,,회야호(여수로)
2014.12.09,,,,,,,0.0,0.0,0.0,0.0,0.0,,,,회야호(여수로)
2014.12.22,,,,,,,0.0,0.0,0.0,0.0,0.0,,,,회야호(여수로)
2014.12.29,,,,,,,0.0,0.0,0.0,0.0,0.0,,,,회야호(여수로)
2015.01.05,,,,,,,0.0,0.0,0.0,0.0,0.0,,,,회야호(여수로)
2015.01.12,,,,,,,0.0,0.0,0.0,0.0,0.0,,,,회야호(여수로)
2015.01.19,,,,,,,0.0,0.0,0.0,0.0,0.0,,,,회야호(여수로)
2015.01.26,,,,,,,0.0,0.0,0.0,0.0,0.0,,,,회야호(여수로)
2015.02.02,,,,,,,0.0,0.0,0.0,0.0,0.0,,,,회야호(여수로)
2015.02.09,,,,,,,0.0,0.0,0.0,0.0,0.0,,,,회야호(여수로)
2015.02.16,,,,,,,0.0,0.0,0.0,0.0,0.0,,,,회야호(여수로)
2015.02.23,,,,,,,0.0,0.0,0.0,0.0,0.0,,,,회야호(여수로)
2015.03.02,,,,,,,0.0,0.0,0.0,0.0,0.0,,,,회야호(여수로)
2015.03.09,,,,,,,0.0,0.0,0.0,0.0,0.0,,,,회야호(여수로)
2015.03.16,,,,,,,0.0,0.0,0.0,0.0,0.0,,,,회야호(여수로)
2015.03.23,,,,,,,0.0,0.0,0.0,0.0,0.0,,,,회야호(여수로)
2015.03.30,,,,,,,0.0,0.0,0.0,0.0,0.0,,,,회야호(여수로)
2015.04.06,,,,,,,0.0,0.0,0.0,0.0,0.0,,,,회야호(여수로)
2015.04.13,,,,,,,0.0,0.0,0.0,0.0,0.0,,,,회야호(여수로)
2015.04.20,,,,,,,0.0,0.0,0.0,0.0,0.0,,,,회야호(여수로)
2015.04.27,,,,,,,0.0,0.0,0.0,0.0,0.0,,,,회야호(여수로)
2015.05.04,,,,,,,0.0,0.0,0.0,0.0,0.0,,,,회야호(여수로)
2015.05.11,,,,,,,0.0,0.0,0.0,0.0,0.0,,,,회야호(여수로)
2015.05.18,,,,,,,0.0,0.0,0.0,0.0,0.0,,,,회야호(여수로)
2015.05.26,,,,,,,0.0,0.0,0.0,0.0,0.0,,,,회야호(여수로)
2015.06.01,,,,,,,0.0,0.0,0.0,0.0,0.0,,,,회야호(여수로)
2015.06.08,,,,,,,0.0,0.0,0.0,0.0,0.0,,,,회야호(여수로)
2015.06.15,,,,,,,0.0,0.0,0.0,0.0,0.0,,,,회야호(여수로)
2015.06.22,,,,,,,0.0,0.0,0.0,0.0,0.0,,,,회야호(여수로)
2015.06.29,,,,,,,0.0,0.0,0.0,0.0,0.0,,,,회야호(여수로)
2015.07.06,,,,,,,0.0,0.0,0.0,0.0,0.0,,,,회야호(여수로)
2015.07.13,,,,,,,0.0,0.0,0.0,0.0,0.0,,,,회야호(여수로)
2015.07.20,,,,,,,0.0,0.0,0.0,0.0,0.0,,,,회야호(여수로)
2015.07.27,,,,,,,300.0,300.0,0.0,0.0,0.0,,,,회야호(여수로)
2015.08.03,,,,,,,200.0,200.0,0.0,0.0,0.0,,,,회야호(여수로)
2015.08.10,,,,,,,150.0,150.0,0.0,0.0,0.0,,,,회야호(여수로)
2015.08.17,,,,,,,125.0,125.0,0.0,0.0,0.0,,,,회야호(여수로)
2015.08.24,,,,,,,250.0,100.0,0.0,150.0,0.0,,,,회야호(여수로)
2015.08.31,,,,,,,100.0,100.0,0.0,0.0,0.0,,,,회야호(여수로)
2015.09.07,,,,,,,300.0,200.0,0.0,100.0,0.0,,,,회야호(여수로)
2015.09.14,,,,,,,100.0,0.0,0.0,100.0,0.0,,,,회야호(여수로)
2015.09.21,,,,,,,160.0,100.0,0.0,0.0,60.0,,,,회야호(여수로)
2015.09.30,,,,,,,275.0,100.0,0.0,50.0,125.0,,,,회야호(여수로)
2015.10.05,,,,,,,175.0,0.0,0.0,0.0,175.0,,,,회야호(여수로)
2015.10.12,,,,,,,100.0,0.0,0.0,100.0,0.0,,,,회야호(여수로)
2015.10.19,,,,,,,150.0,100.0,0.0,50.0,0.0,,,,회야호(여수로)
2015.10.26,,,,,,,0.0,0.0,0.0,0.0,0.0,,,,회야호(여수로)
2015.11.02,,,,,,,100.0,0.0,0.0,100.0,0.0,,,,회야호(여수로)
2015.11.09,,,,,,,150.0,0.0,0.0,150.0,0.0,,,,회야호(여수로)
2015.11.16,,,,,,,0.0,0.0,0.0,0.0,0.0,,,,회야호(여수로)
2015.11.23,,,,,,,0.0,0.0,0.0,0.0,0.0,,,,회야호(여수로)
2015.11.30,,,,,,,0.0,0.0,0.0,0.0,0.0,,,,회야호(여수로)
2015.12.07,,,,,,,0.0,0.0,0.0,0.0,0.0,,,,회야호(여수로)
2015.12.14,,,,,,,0.0,0.0,0.0,0.0,0.0,,,,회야호(여수로)
2015.12.21,,,,,,,0.0,0.0,0.0,0.0,0.0,,,,회야호(여수로)
2015.12.28,,,,,,,0.0,0.0,0.0,0.0,0.0,,,,회야호(여수로)
2016.01.04,,,,,,,0.0,0.0,0.0,0.0,0.0,,,,회야호(여수로)
2016.01.11,,,,,,,0.0,0.0,0.0,0.0,0.0,,,,회야호(여수로)
2016.01.18,,,,,,,0.0,0.0,0.0,0.0,0.0,,,,회야호(여수로)
2016.01.25,,,,,,,0.0,0.0,0.0,0.0,0.0,,,,회야호(여수로)
2016.02.01,,,,,,,0.0,0.0,0.0,0.0,0.0,,,,회야호(여수로)
2016.02.11,,,,,,,0.0,0.0,0.0,0.0,0.0,,,,회야호(여수로)
2016.02.15,,,,,,,0.0,0.0,0.0,0.0,0.0,,,,회야호(여수로)
2016.02.22,,,,,,,0.0,0.0,0.0,0.0,0.0,,,,회야호(여수로)
2016.02.29,,,,,,,0.0,0.0,0.0,0.0,0.0,,,,회야호(여수로)
2016.03.07,,,,,,,0.0,0.0,0.0,0.0,0.0,,,,회야호(여수로)
2016.03.14,,,,,,,0.0,0.0,0.0,0.0,0.0,,,,회야호(여수로)
2016.03.21,,,,,,,0.0,0.0,0.0,0.0,0.0,,,,회야호(여수로)
2016.03.28,,,,,,,0.0,0.0,0.0,0.0,0.0,,,,회야호(여수로)
2016.04.04,12.1,7.6,11.3,,,0.7,0.0,0.0,0.0,0.0,0.0,,,,회야호(여수로)
2016.04.11,12.9,7.2,11.3,3.6,1.3,0.6,0.0,0.0,0.0,0.0,0.0,,,,회야호(여수로)
2016.04.18,14.1,7.6,11.0,3.3,2.0,1.5,0.0,0.0,0.0,0.0,0.0,,,,회야호(여수로)
2016.04.25,15.4,7.7,10.4,3.6,2.3,1.5,0.0,0.0,0.0,0.0,0.0,,,,회야호(여수로)
2016.05.02,18.8,8.0,7.6,3.1,1.4,3.6,0.0,0.0,0.0,0.0,0.0,,,,회야호(여수로)
2016.05.09,18.3,7.8,9.8,3.2,1.4,2.0,0.0,0.0,0.0,0.0,0.0,,,,회야호(여수로)
2016.05.16,19.0,8.3,12.2,,2.4,2.2,0.0,0.0,0.0,0.0,0.0,,,,회야호(여수로)
2016.05.23,22.7,8.6,10.0,2.0,2.8,2.2,0.0,0.0,0.0,0.0,0.0,,,,회야호(여수로)
2016.05.30,23.5,9.8,12.0,2.2,2.0,3.6,0.0,0.0,0.0,0.0,0.0,,,,회야호(여수로)
2016.06.07,22.3,9.6,10.0,2.6,1.7,1.5,0.0,0.0,0.0,0.0,0.0,,,,회야호(여수로)
2016.06.13,23.2,9.2,8.9,2.9,1.3,0.4,0.0,0.0,0.0,0.0,0.0,,,,회야호(여수로)
2016.06.20,26.7,8.8,7.7,5.1,0.7,1.3,0.0,0.0,0.0,0.0,0.0,,,,회야호(여수로)
2016.06.27,25.3,8.7,8.6,3.1,3.4,2.6,50.0,0.0,0.0,0.0,50.0,,,,회야호(여수로)
2016.07.04,20.5,7.8,8.5,,19.8,17.2,250.0,200.0,0.0,0.0,50.0,,,,회야호(여수로)
2016.07.11,28.4,9.8,10.3,1.1,32.3,12.3,350.0,250.0,100.0,0.0,0.0,,,,회야호(여수로)
2016.07.18,25.9,9.0,8.5,1.5,5.1,3.1,700.0,700.0,0.0,0.0,0.0,,,,회야호(여수로)
2016.07.25,26.8,9.2,8.4,1.0,11.3,4.7,700.0,500.0,0.0,0.0,200.0,,,,회야호(여수로)
2016.08.01,28.6,9.3,9.9,0.9,18.0,14.0,700.0,600.0,0.0,0.0,100.0,,,,회야호(여수로)
2016.08.08,30.1,9.3,9.5,0.5,22.2,7.8,780.0,580.0,0.0,100.0,100.0,,,,회야호(여수로)
2016.08.16,28.2,8.2,8.7,0.5,14.0,11.9,900.0,800.0,0.0,100.0,0.0,,,,회야호(여수로)
2016.08.22,28.0,8.7,8.0,0.5,14.0,7.3,800.0,650.0,50.0,100.0,0.0,,,,회야호(여수로)
2016.08.29,26.5,7.8,7.7,0.8,12.9,13.4,790.0,500.0,40.0,200.0,50.0,,,,회야호(여수로)
2016.09.05,24.7,7.6,7.3,,10.4,7.7,620.0,120.0,100.0,400.0,0.0,,,,회야호(여수로)
2016.09.12,23.5,7.7,8.6,,4.4,7.1,150.0,100.0,50.0,0.0,0.0,,,,회야호(여수로)
2016.09.19,21.6,7.4,6.6,,10.9,2.6,140.0,80.0,0.0,0.0,60.0,,,,회야호(여수로)
2016.09.26,22.7,9.7,9.6,1.0,10.3,11.4,450.0,250.0,0.0,200.0,0.0,,,,회야호(여수로)
2016.10.04,22.1,8.3,9.9,1.4,5.4,11.2,440.0,200.0,0.0,240.0,0.0,,,,회야호(여수로)
2016.10.10,19.6,7.6,9.1,0.0,141.0,2.1,0.0,0.0,0.0,0.0,0.0,,,,회야호(여수로)
2016.10.17,19.7,7.6,9.1,0.0,141.0,1.2,0.0,0.0,0.0,0.0,0.0,,,,회야호(여수로)
2016.10.24,18.4,7.7,9.2,0.1,76.6,0.5,0.0,0.0,0.0,0.0,0.0,,,,회야호(여수로)
2016.10.31,17.5,8.0,9.5,0.2,51.8,0.2,0.0,0.0,0.0,0.0,0.0,,,,회야호(여수로)
2016.11.07,15.7,7.9,10.0,0.2,43.4,0.4,0.0,0.0,0.0,0.0,0.0,,,,회야호(여수로)
2016.11.14,15.0,8.1,10.5,0.3,25.1,5.8,0.0,0.0,0.0,0.0,0.0,,,,회야호(여수로)
2016.11.21,14.5,7.8,10.5,0.4,19.5,5.5,0.0,0.0,0.0,0.0,0.0,,,,회야호(여수로)
2016.11.28,12.3,7.9,11.9,0.3,21.4,0.4,0.0,0.0,0.0,0.0,0.0,,,,회야호(여수로)
2016.12.05,11.2,8.1,11.8,0.5,14.4,0.2,0.0,0.0,0.0,0.0,0.0,,,,회야호(여수로)
2016.12.12,9.6,7.9,11.9,0.8,10.7,0.2,0.0,0.0,0.0,0.0,0.0,,,,회야호(여수로)
2016.12.19,8.5,8.3,12.8,0.1,8.8,0.4,0.0,0.0,0.0,0.0,0.0,,,,회야호(여수로)
2016.12.26,9.3,7.7,10.5,1.3,12.2,1.9,0.0,0.0,0.0,0.0,0.0,,,,회야호(여수로)
2017.01.02,8.1,8.3,12.9,0.1,4.8,0.3,0.0,0.0,0.0,0.0,0.0,,,,회야호(여수로)
2017.01.09,7.4,8.4,13.5,1.4,5.1,4.0,0.0,0.0,0.0,0.0,0.0,,,,회야호(여수로)
2017.01.16,5.5,8.1,12.3,,4.2,1.3,0.0,0.0,0.0,0.0,0.0,,,,회야호(여수로)
2017.01.23,4.0,8.2,13.4,,12.1,1.8,0.0,0.0,0.0,0.0,0.0,,,,회야호(여수로)
2017.01.31,4.5,8.5,14.6,0.2,2.4,2.1,0.0,0.0,0.0,0.0,0.0,,,,회야호(여수로)
2017.02.06,4.7,7.8,13.7,1.8,2.9,1.7,0.0,0.0,0.0,0.0,0.0,,,,회야호(여수로)
2017.02.13,4.5,7.6,13.9,1.6,2.6,1.9,0.0,0.0,0.0,0.0,0.0,,,,회야호(여수로)
2017.02.20,7.5,7.8,12.4,,9.4,1.1,0.0,0.0,0.0,0.0,0.0,,,,회야호(여수로)
2017.02.27,6.5,7.6,13.0,1.3,2.5,1.2,0.0,0.0,0.0,0.0,0.0,,,,회야호(여수로)
2017.03.06,7.8,7.6,12.9,1.2,2.9,1.3,0.0,0.0,0.0,0.0,0.0,,,,회야호(여수로)
2017.03.13,9.0,7.5,12.5,1.2,3.8,1.4,0.0,0.0,0.0,0.0,0.0,,,,회야호(여수로)
2017.03.20,9.9,7.6,12.1,1.4,2.1,0.6,0.0,0.0,0.0,0.0,0.0,,,,회야호(여수로)
2017.03.27,10.5,7.9,12.0,1.7,2.8,1.8,0.0,0.0,0.0,0.0,0.0,,,,회야호(여수로)
2017.04.03,11.4,7.9,11.6,2.6,2.4,0.9,0.0,0.0,0.0,0.0,0.0,,,,회야호(여수로)
2017.04.10,13.5,7.9,11.1,2.7,2.4,0.6,0.0,0.0,0.0,0.0,0.0,,,,회야호(여수로)
2017.04.17,15.7,8.0,10.6,,3.5,0.7,0.0,0.0,0.0,0.0,0.0,,,,회야호(여수로)
2017.04.24,15.7,8.0,10.1,3.0,2.9,1.0,0.0,0.0,0.0,0.0,0.0,,,,회야호(여수로)
2017.05.01,18.4,8.0,9.9,2.8,3.4,1.0,0.0,0.0,0.0,0.0,0.0,,,,회야호(여수로)
2017.05.08,19.1,8.4,9.1,1.9,4.1,3.0,0.0,0.0,0.0,0.0,0.0,,,,회야호(여수로)
2017.05.15,19.7,8.5,9.4,1.6,5.6,3.2,0.0,0.0,0.0,0.0,0.0,,,,회야호(여수로)
2017.05.22,22.2,8.8,10.0,,6.4,2.6,0.0,0.0,0.0,0.0,0.0,,,,회야호(여수로)
2017.05.29,20.9,8.4,8.6,1.1,7.0,3.0,0.0,0.0,0.0,0.0,0.0,,,,회야호(여수로)
2017.06.05,22.6,8.2,8.8,1.2,4.4,2.1,0.0,0.0,0.0,0.0,0.0,,,,회야호(여수로)
2017.06.12,22.7,8.5,8.4,,3.8,2.0,80.0,0.0,80.0,0.0,0.0,,,,회야호(여수로)
2017.06.19,25.4,8.4,9.5,,3.7,2.7,100.0,0.0,100.0,0.0,0.0,,,,회야호(여수로)
2017.06.26,25.0,8.4,9.0,,4.1,2.7,130.0,0.0,130.0,0.0,0.0,,,,회야호(여수로)
2017.07.03,25.9,8.1,8.1,1.3,3.7,1.4,450.0,0.0,150.0,0.0,300.0,,,,회야호(여수로)
2017.07.10,26.8,8.0,7.7,1.6,4.0,1.2,550.0,250.0,200.0,0.0,100.0,,,,회야호(여수로)
2017.07.17,28.5,8.5,8.3,1.1,7.1,16.2,650.0,300.0,250.0,0.0,100.0,,,,회야호(여수로)
2017.07.24,29.6,8.5,7.9,0.9,5.9,9.1,330.0,100.0,160.0,0.0,70.0,,,,회야호(여수로)
2017.07.31,28.4,8.1,7.8,0.8,8.2,20.0,630.0,0.0,410.0,70.0,150.0,,,,회야호(여수로)
2017.08.07,30.2,8.5,8.3,0.7,10.7,6.9,420.0,70.0,120.0,80.0,150.0,,,,회야호(여수로)
2017.08.14,28.5,7.8,7.3,,5.7,6.9,960.0,60.0,110.0,30.0,760.0,,,,회야호(여수로)
2017.08.21,28.5,7.9,7.8,1.2,5.2,6.9,300.0,10.0,50.0,0.0,240.0,,,,회야호(여수로)
2017.08.28,28.6,7.9,8.0,1.3,7.5,9.8,940.0,20.0,150.0,20.0,750.0,,,,회야호(여수로)
2017.09.04,26.8,7.9,8.0,0.9,5.9,6.3,290.0,20.0,60.0,10.0,200.0,,,,회야호(여수로)
2017.09.11,25.9,7.7,8.3,,4.4,12.2,450.0,0.0,30.0,30.0,390.0,,,,회야호(여수로)
2017.09.18,25.1,7.9,8.1,1.2,6.1,19.4,430.0,0.0,30.0,50.0,350.0,,,,회야호(여수로)
2017.09.25,24.6,8.1,7.9,1.2,5.1,13.2,930.0,0.0,80.0,150.0,700.0,,,,회야호(여수로)
2017.10.10,23.4,7.9,7.9,1.3,7.4,13.7,420.0,50.0,0.0,100.0,270.0,,,,회야호(여수로)
2017.10.16,21.2,7.7,8.2,1.1,6.0,3.6,390.0,0.0,0.0,40.0,350.0,,,,회야호(여수로)
2017.10.23,19.4,7.7,8.9,0.8,5.6,3.6,300.0,0.0,0.0,0.0,300.0,,,,회야호(여수로)
2017.10.30,18.2,7.8,9.7,1.0,5.6,3.9,300.0,0.0,0.0,0.0,300.0,,,,회야호(여수로)
2017.11.06,16.7,7.8,9.9,1.3,5.4,0.9,0.0,0.0,0.0,0.0,0.0,,,,회야호(여수로)
2017.11.13,15.7,7.8,10.0,1.3,4.6,0.8,0.0,0.0,0.0,0.0,0.0,,,,회야호(여수로)
2017.11.20,12.9,7.8,10.9,1.6,4.7,1.0,0.0,0.0,0.0,0.0,0.0,,,,회야호(여수로)
2017.11.27,11.6,7.9,11.0,3.0,3.5,0.9,0.0,0.0,0.0,0.0,0.0,,,,회야호(여수로)
2017.12.04,10.5,8.1,11.2,2.6,2.0,0.6,20.0,0.0,0.0,0.0,20.0,,,,회야호(여수로)
2017.12.11,9.4,7.8,11.8,2.5,2.8,0.3,0.0,0.0,0.0,0.0,0.0,,,,회야호(여수로)
2017.12.18,6.4,8.0,12.5,2.7,2.2,0.8,0.0,0.0,0.0,0.0,0.0,,,,회야호(여수로)
2017.12.26,6.2,8.0,12.8,3.5,1.6,0.8,0.0,0.0,0.0,0.0,0.0,,,,회야호(여수로)
2018.01.02,4.8,8.1,13.3,2.2,2.0,1.2,0.0,0.0,0.0,0.0,0.0,,,,회야호(여수로)
2018.01.08,4.7,8.1,13.6,2.3,2.3,4.6,0.0,0.0,0.0,0.0,0.0,,,,회야호(여수로)
2018.01.15,3.8,8.2,14.0,,1.8,1.4,0.0,0.0,0.0,0.0,0.0,,,,회야호(여수로)
2018.01.22,4.0,8.1,14.1,2.6,1.9,1.3,0.0,0.0,0.0,0.0,0.0,,,,회야호(여수로)
2018.01.29,3.7,8.2,12.8,,1.4,0.3,0.0,0.0,0.0,0.0,0.0,,,,회야호(여수로)
2018.02.05,,,,,,,,,,,,,,,회야호(여수로)
2018.02.12,,,,,,,,,,,,,,,회야호(여수로)
2018.02.19,6.7,7.8,13.3,,3.4,1.5,0.0,0.0,0.0,0.0,0.0,,,,회야호(여수로)
2018.02.26,6.0,7.9,13.1,1.2,3.8,1.7,0.0,0.0,0.0,0.0,0.0,,,,회야호(여수로)
2018.03.05,7.3,8.0,12.9,,4.1,2.2,0.0,0.0,0.0,0.0,0.0,,,,회야호(여수로)
2018.03.12,7.8,7.6,12.4,1.0,4.4,1.7,0.0,0.0,0.0,0.0,0.0,,,,회야호(여수로)
2018.03.20,9.2,7.7,12.3,,4.8,3.0,0.0,0.0,0.0,0.0,0.0,,,,회야호(여수로)
2018.03.26,11.0,7.8,11.5,1.0,4.6,4.4,0.0,0.0,0.0,0.0,0.0,,,,회야호(여수로)
2018.04.02,14.7,7.8,10.7,1.9,3.0,1.5,0.0,0.0,0.0,0.0,0.0,,,,회야호(여수로)
2018.04.09,12.5,7.6,10.5,3.3,2.5,0.8,0.0,0.0,0.0,0.0,0.0,,,,회야호(여수로)
2018.04.16,13.7,7.9,10.3,3.9,2.5,0.6,0.0,0.0,0.0,0.0,0.0,,,,회야호(여수로)
2018.04.23,14.0,7.4,10.3,,1.5,4.5,0.0,0.0,0.0,0.0,0.0,,,,회야호(여수로)
2018.04.30,15.5,7.6,9.3,3.0,2.5,1.1,0.0,0.0,0.0,0.0,0.0,,,,회야호(여수로)
2018.05.08,15.0,7.6,10.0,,2.2,0.8,0.0,0.0,0.0,0.0,0.0,,,,회야호(여수로)
2018.05.14,15.8,7.6,9.6,2.3,2.1,1.9,0.0,0.0,0.0,0.0,0.0,,,,회야호(여수로)
2018.05.21,15.9,7.6,9.5,2.1,2.7,1.5,0.0,0.0,0.0,0.0,0.0,,,,회야호(여수로)
2018.05.28,18.5,8.5,8.9,3.3,3.9,1.4,0.0,0.0,0.0,0.0,0.0,,,,회야호(여수로)
2018.06.04,20.5,7.7,8.8,4.1,1.5,0.6,0.0,0.0,0.0,0.0,0.0,,,,회야호(여수로)
2018.06.11,18.4,8.0,8.9,3.8,3.1,0.6,0.0,0.0,0.0,0.0,0.0,,,,회야호(여수로)
2018.06.18,18.7,7.8,8.8,3.2,2.4,1.1,0.0,0.0,0.0,0.0,0.0,,,,회야호(여수로)
2018.06.25,21.9,8.0,8.4,3.5,2.4,0.8,0.0,0.0,0.0,0.0,0.0,,,,회야호(여수로)
2018.07.02,21.0,7.6,8.3,2.9,2.2,1.5,0.0,0.0,0.0,0.0,0.0,,,,회야호(여수로)
2018.07.09,18.2,7.4,8.1,1.9,8.5,1.5,0.0,0.0,0.0,0.0,0.0,,,,회야호(여수로)
2018.07.16,23.4,7.7,7.8,1.9,6.0,4.0,0.0,0.0,0.0,0.0,0.0,,,,회야호(여수로)
2018.07.23,23.8,8.1,8.1,2.1,11.7,3.6,440.0,400.0,40.0,0.0,0.0,,,,회야호(여수로)
2018.07.30,24.7,8.4,7.6,1.4,3.7,1.7,390.0,200.0,100.0,0.0,90.0,,,,회야호(여수로)
2018.08.06,26.0,8.7,7.2,1.0,5.5,2.5,340.0,200.0,100.0,0.0,40.0,,,,회야호(여수로)
2018.08.13,26.0,8.7,7.4,0.7,13.4,7.0,570.0,300.0,150.0,100.0,20.0,,,,회야호(여수로)
2018.08.20,24.6,8.5,7.3,0.8,10.2,6.3,790.0,400.0,250.0,40.0,100.0,,,,회야호(여수로)
2018.08.27,24.2,7.7,6.9,,10.8,5.4,500.0,400.0,100.0,0.0,0.0,,,,회야호(여수로)
2018.09.04,24.0,8.0,7.4,0.7,9.0,11.9,510.0,300.0,150.0,20.0,40.0,,,,회야호(여수로)
2018.09.10,23.0,7.7,6.5,1.0,6.5,3.7,410.0,300.0,40.0,40.0,30.0,,,,회야호(여수로)
2018.09.17,24.0,7.9,6.6,1.0,6.6,6.6,370.0,300.0,30.0,40.0,0.0,,,,회야호(여수로)
2018.09.27,,,,,,,,,,,,,,,회야호(여수로)
2018.10.01,21.7,7.5,7.8,,3.4,3.9,70.0,0.0,30.0,40.0,0.0,,,,회야호(여수로)
2018.10.08,20.4,7.8,8.8,0.6,73.8,1.2,20.0,0.0,0.0,20.0,0.0,,,,회야호(여수로)
2018.10.15,19.1,7.6,7.9,0.4,20.4,1.8,20.0,0.0,0.0,20.0,0.0,,,,회야호(여수로)
2018.10.22,19.1,7.6,7.9,0.7,16.0,4.9,0.0,0.0,0.0,0.0,0.0,,,,회야호(여수로)
2018.10.29,17.7,7.2,8.2,0.7,8.4,2.9,0.0,0.0,0.0,0.0,0.0,,,,회야호(여수로)
2018.11.05,16.4,7.5,8.8,1.2,6.5,3.2,0.0,0.0,0.0,0.0,0.0,,,,회야호(여수로)
2018.11.12,15.7,7.8,8.4,3.0,4.2,0.8,0.0,0.0,0.0,0.0,0.0,,,,회야호(여수로)
2018.11.19,14.9,7.5,8.5,2.0,9.6,1.1,0.0,0.0,0.0,0.0,0.0,,,,회야호(여수로)
2018.11.26,13.0,7.7,8.5,2.1,4.3,0.7,0.0,0.0,0.0,0.0,0.0,,,,회야호(여수로)
2018.12.03,12.7,7.5,8.9,2.4,3.8,3.5,0.0,0.0,0.0,0.0,0.0,,,,회야호(여수로)
2018.12.10,10.5,7.6,9.8,2.3,3.1,0.9,0.0,0.0,0.0,0.0,0.0,,,,회야호(여수로)
2018.12.17,8.5,7.5,10.0,2.2,2.8,0.6,0.0,0.0,0.0,0.0,0.0,,,,회야호(여수로)
2018.12.24,8.2,7.6,11.6,3.4,2.5,0.6,0.0,0.0,0.0,0.0,0.0,,,,회야호(여수로)
2019.01.02,6.1,7.7,11.8,3.0,2.8,1.0,0.0,0.0,0.0,0.0,0.0,,,,회야호(여수로)
2019.01.07,5.2,7.6,12.0,2.5,2.2,1.0,0.0,0.0,0.0,0.0,0.0,,,,회야호(여수로)
2019.01.14,5.7,7.8,12.1,2.8,1.9,0.3,0.0,0.0,0.0,0.0,0.0,,,,회야호(여수로)
2019.01.21,5.1,7.7,12.2,1.9,2.3,1.6,0.0,0.0,0.0,0.0,0.0,,,,회야호(여수로)
2019.01.28,5.2,8.0,11.4,,,0.8,0.0,0.0,0.0,0.0,0.0,,,,회야호(여수로)
2019.02.07,,,,,,,,,,,,,,,회야호(여수로)
2019.02.11,5.5,8.1,11.5,,,3.9,0.0,0.0,0.0,0.0,0.0,,,,회야호(여수로)
2019.02.18,5.7,8.1,11.6,,,25.6,0.0,0.0,0.0,0.0,0.0,,,,회야호(여수로)
2019.02.25,7.3,8.1,11.7,,,9.4,0.0,0.0,0.0,0.0,0.0,,,,회야호(여수로)
2019.03.04,8.7,8.0,11.7,,,2.2,0.0,0.0,0.0,0.0,0.0,,,,회야호(여수로)
2019.03.11,9.8,8.0,9.8,,,7.9,0.0,0.0,0.0,0.0,0.0,,,,회야호(여수로)
2019.03.18,9.7,8.0,10.7,,,1.6,0.0,0.0,0.0,0.0,0.0,,,,회야호(여수로)
2019.03.25,11.1,8.2,10.1,,,0.7,0.0,0.0,0.0,0.0,0.0,,,,회야호(여수로)
2019.04.01,12.0,7.9,10.1,,,1.2,0.0,0.0,0.0,0.0,0.0,,,,회야호(여수로)
2019.04.08,13.4,8.0,9.3,,,2.0,0.0,0.0,0.0,0.0,0.0,,,,회야호(여수로)
2019.04.15,13.2,8.0,9.0,,,1.0,0.0,0.0,0.0,0.0,0.0,,,,회야호(여수로)
2019.04.22,15.3,7.9,9.2,,,0.1,0.0,0.0,0.0,0.0,0.0,,,,회야호(여수로)
2019.04.29,13.6,8.1,9.0,,,1.0,0.0,0.0,0.0,0.0,0.0,,,,회야호(여수로)
2019.05.07,17.7,7.9,8.6,2.8,2.6,0.8,0.0,0.0,0.0,0.0,0.0,,,,회야호(여수로)
2019.05.13,18.9,8.3,8.2,2.0,3.7,0.7,0.0,0.0,0.0,0.0,0.0,,,,회야호(여수로)
2019.05.20,19.6,8.3,8.3,1.5,4.0,0.8,0.0,0.0,0.0,0.0,0.0,,,,회야호(여수로)
2019.05.27,21.7,8.4,8.1,,,0.9,0.0,0.0,0.0,0.0,0.0,,,,회야호(여수로)
2019.06.03,23.6,8.4,7.4,3.3,2.3,1.4,0.0,0.0,0.0,0.0,0.0,,,,회야호(여수로)
2019.06.10,22.1,7.5,7.4,1.8,3.1,6.5,0.0,0.0,0.0,0.0,0.0,,,,회야호(여수로)
2019.06.17,23.6,7.9,7.8,1.6,2.9,1.9,0.0,0.0,0.0,0.0,0.0,,,,회야호(여수로)
2019.06.24,24.1,8.4,7.7,1.9,3.2,1.9,240.0,0.0,0.0,240.0,0.0,,,,회야호(여수로)
2019.07.01,22.3,8.5,7.5,2.3,6.8,1.6,0.0,0.0,0.0,0.0,0.0,,,,회야호(여수로)
2019.07.08,22.3,7.8,5.1,2.0,3.4,3.1,0.0,0.0,0.0,0.0,0.0,,,,회야호(여수로)
2019.07.15,23.8,8.0,7.1,1.3,5.6,4.2,0.0,0.0,0.0,0.0,0.0,,,,회야호(여수로)
2019.07.22,23.3,8.0,7.4,0.0,58.3,0.5,0.0,0.0,0.0,0.0,0.0,,,,회야호(여수로)
2019.07.29,24.5,8.6,6.6,0.6,25.1,2.7,0.0,0.0,0.0,0.0,0.0,,,,회야호(여수로)
2019.08.05,26.1,8.5,6.9,0.0,14.3,0.1,320.0,0.0,0.0,320.0,0.0,,,,회야호(여수로)
2019.08.12,25.9,8.5,5.6,1.0,9.7,1.6,380.0,0.0,0.0,380.0,0.0,,,,회야호(여수로)
2019.08.19,27.9,8.5,8.0,0.0,14.9,6.0,160.0,0.0,0.0,160.0,0.0,,,,회야호(여수로)
2019.08.26,26.8,7.7,4.9,1.0,10.7,9.5,230.0,100.0,40.0,90.0,0.0,,,,회야호(여수로)
2019.09.02,25.8,7.5,5.2,0.0,16.1,6.3,60.0,0.0,0.0,60.0,0.0,,,,회야호(여수로)
2019.09.09,26.2,7.8,7.3,0.0,18.9,5.5,580.0,360.0,0.0,220.0,0.0,,,,회야호(여수로)
2019.09.16,26.0,7.5,5.6,0.8,12.8,1.3,240.0,0.0,0.0,240.0,0.0,,,,회야호(여수로)
2019.09.23,20.9,7.3,7.9,,,1.1,0.0,0.0,0.0,0.0,0.0,,,,회야호(여수로)
2019.09.30,22.1,7.8,9.4,0.9,17.2,1.5,180.0,0.0,0.0,180.0,0.0,,,,회야호(여수로)
2019.10.07,21.2,7.2,7.2,0.9,32.8,0.9,0.0,0.0,0.0,0.0,0.0,,,,회야호(여수로)
2019.10.14,21.0,6.5,6.4,,,5.5,0.0,0.0,0.0,0.0,0.0,,,,회야호(여수로)
2019.10.21,19.6,7.0,5.8,,,0.8,0.0,0.0,0.0,0.0,0.0,,,,회야호(여수로)
2019.10.28,19.3,7.1,6.6,,,0.9,0.0,0.0,0.0,0.0,0.0,,,,회야호(여수로)
2019.11.04,18.1,7.1,7.4,1.7,7.1,1.3,0.0,0.0,0.0,0.0,0.0,,,,회야호(여수로)
2019.11.11,17.1,7.3,6.6,0.7,8.1,0.9,0.0,0.0,0.0,0.0,0.0,,,,회야호(여수로)
2019.11.18,15.9,7.4,7.3,1.1,10.0,2.5,0.0,0.0,0.0,0.0,0.0,,,,회야호(여수로)
2019.11.25,14.2,7.5,7.0,,,1.8,0.0,0.0,0.0,0.0,0.0,,,,회야호(여수로)
2019.12.02,13.0,7.3,7.8,,9.0,0.7,0.0,0.0,0.0,0.0,0.0,,,,회야호(여수로)
2019.12.09,10.6,7.5,8.8,1.5,10.0,1.4,0.0,0.0,0.0,0.0,0.0,,,,회야호(여수로)
2019.12.16,10.1,7.4,9.0,2.4,4.4,2.2,0.0,0.0,0.0,0.0,0.0,,,,회야호(여수로)
2019.12.23,9.0,7.6,9.9,2.7,4.5,0.9,0.0,0.0,0.0,0.0,0.0,,,,회야호(여수로)
2019.12.30,8.3,7.8,9.6,2.7,2.9,0.5,0.0,0.0,0.0,0.0,0.0,,,,회야호(여수로)
2020.01.06,7.4,7.5,10.3,2.3,2.3,1.0,0.0,0.0,0.0,0.0,0.0,,,,회야호(여수로)
2020.01.13,7.4,7.7,10.0,1.6,3.7,1.2,0.0,0.0,0.0,0.0,0.0,,,,회야호(여수로)
2020.01.20,7.1,7.6,10.5,2.6,4.9,0.8,0.0,0.0,0.0,0.0,0.0,,,,회야호(여수로)
2020.01.28,7.3,7.5,9.7,,3.6,0.7,0.0,0.0,0.0,0.0,0.0,,,,회야호(여수로)
2020.02.03,7.6,7.6,10.5,1.1,7.2,0.5,0.0,0.0,0.0,0.0,0.0,,,,회야호(여수로)
2020.02.10,7.6,7.6,10.6,1.7,10.0,4.4,0.0,0.0,0.0,0.0,0.0,,,,회야호(여수로)
2020.02.17,8.4,7.7,10.7,,7.4,12.8,0.0,0.0,0.0,0.0,0.0,,,,회야호(여수로)
2020.02.24,9.1,7.6,10.7,1.8,3.9,16.5,0.0,0.0,0.0,0.0,0.0,,,,회야호(여수로)
2020.03.02,8.9,7.6,10.0,,4.9,19.1,0.0,0.0,0.0,0.0,0.0,,,,회야호(여수로)
2020.03.09,10.0,7.6,10.3,1.7,3.0,8.2,0.0,0.0,0.0,0.0,0.0,,,,회야호(여수로)
2020.03.16,10.3,7.5,9.5,,3.5,3.6,0.0,0.0,0.0,0.0,0.0,,,,회야호(여수로)
2020.03.23,12.9,7.6,9.1,,2.6,3.5,0.0,0.0,0.0,0.0,0.0,,,,회야호(여수로)
2020.03.30,13.0,7.5,9.0,,2.4,3.0,0.0,0.0,0.0,0.0,0.0,,,,회야호(여수로)
2020.04.06,13.8,7.6,8.9,2.9,2.6,3.5,0.0,0.0,0.0,0.0,0.0,,,,회야호(여수로)
2020.04.13,12.9,7.4,8.4,,5.1,5.6,0.0,0.0,0.0,0.0,0.0,,,,회야호(여수로)
2020.04.20,14.4,7.5,7.9,2.0,4.1,8.1,0.0,0.0,0.0,0.0,0.0,,,,회야호(여수로)
2020.04.27,15.4,7.5,7.8,1.5,5.8,5.4,0.0,0.0,0.0,0.0,0.0,,,,회야호(여수로)
2020.05.04,17.9,7.6,6.6,2.2,4.4,4.6,0.0,0.0,0.0,0.0,0.0,,,,회야호(여수로)
2020.05.11,18.8,7.8,7.1,1.4,4.8,3.7,0.0,0.0,0.0,0.0,0.0,,,,회야호(여수로)
2020.05.18,18.8,7.8,6.4,,4.8,4.6,0.0,0.0,0.0,0.0,0.0,,,,회야호(여수로)
2020.05.25,19.9,7.8,7.3,1.1,7.0,5.6,0.0,0.0,0.0,0.0,0.0,,,,회야호(여수로)
2020.06.01,20.4,7.7,5.6,1.3,5.6,5.2,0.0,0.0,0.0,0.0,0.0,,,,회야호(여수로)
2020.06.08,21.6,7.9,5.7,2.2,3.7,8.8,0.0,0.0,0.0,0.0,0.0,,,,회야호(여수로)
2020.06.15,23.0,7.8,5.4,2.5,3.8,9.2,0.0,0.0,0.0,0.0,0.0,,,,회야호(여수로)
2020.06.22,22.5,7.7,5.2,2.1,2.6,9.2,0.0,0.0,0.0,0.0,0.0,,,,회야호(여수로)
2020.06.29,23.1,7.8,5.7,2.0,3.2,13.2,40.0,0.0,0.0,0.0,40.0,,,,회야호(여수로)
2020.07.06,22.7,7.5,5.4,2.5,8.1,14.1,0.0,0.0,0.0,0.0,0.0,,,,회야호(여수로)
2020.07.13,21.4,7.0,4.4,,6.1,7.6,0.0,0.0,0.0,0.0,0.0,,,,회야호(여수로)
2020.07.20,22.2,7.7,7.5,1.1,10.2,11.1,0.0,0.0,0.0,0.0,0.0,,,,회야호(여수로)
2020.07.27,22.0,8.0,7.7,0.3,35.6,16.7,150.0,150.0,0.0,0.0,0.0,,,,회야호(여수로)
2020.08.03,22.7,7.4,7.0,0.5,16.8,4.6,120.0,120.0,0.0,0.0,0.0,,,,회야호(여수로)
2020.08.10,23.8,8.3,6.1,0.6,12.3,9.3,160.0,160.0,0.0,0.0,0.0,,,,회야호(여수로)
2020.08.18,25.8,7.5,5.9,0.6,12.0,6.3,260.0,260.0,0.0,0.0,0.0,,,,회야호(여수로)
2020.08.24,24.7,8.1,6.4,0.5,8.6,6.3,450.0,450.0,0.0,0.0,0.0,,,,회야호(여수로)
2020.08.31,25.4,8.2,4.4,0.6,9.0,12.3,730.0,620.0,80.0,0.0,30.0,,,,회야호(여수로)
2020.09.08,24.0,7.3,5.7,,76.5,2.9,110.0,80.0,30.0,0.0,0.0,,,,회야호(여수로)
2020.09.14,23.7,7.3,5.7,0.8,43.9,3.4,140.0,100.0,40.0,0.0,0.0,,,,회야호(여수로)
2020.09.21,22.5,7.5,5.7,1.1,21.3,2.1,110.0,100.0,0.0,0.0,10.0,,,,회야호(여수로)
2020.09.28,21.4,7.3,5.8,1.1,11.9,17.9,180.0,180.0,0.0,0.0,0.0,,,,회야호(여수로)
2020.10.05,21.6,7.4,6.1,,9.5,11.3,110.0,110.0,0.0,0.0,0.0,,,,회야호(여수로)
2020.10.12,20.6,7.3,6.3,1.8,4.4,6.5,0.0,0.0,0.0,0.0,0.0,,,,회야호(여수로)
2020.10.19,19.7,7.4,7.4,2.1,3.6,6.7,310.0,240.0,0.0,0.0,70.0,,,,회야호(여수로)
2020.10.26,18.2,7.3,7.2,1.8,4.4,4.6,252.0,130.0,42.0,34.0,46.0,,,,회야호(여수로)
2020.11.02,17.2,7.5,7.5,1.5,4.6,2.9,97.0,50.0,0.0,22.0,25.0,,,,회야호(여수로)
2020.11.09,15.3,7.6,8.4,,4.6,13.6,610.0,150.0,0.0,0.0,460.0,,,,회야호(여수로)
2020.11.16,15.7,7.5,8.1,1.9,4.6,7.2,390.0,202.0,0.0,0.0,188.0,,,,회야호(여수로)
2020.11.23,14.6,7.5,8.8,2.4,5.6,11.5,192.0,0.0,0.0,0.0,192.0,,,,회야호(여수로)
2020.11.30,12.4,7.4,8.7,2.0,5.1,7.5,118.0,0.0,0.0,0.0,118.0,,,,회야호(여수로)
2020.12.07,11.1,7.5,9.2,2.2,4.5,3.7,32.0,0.0,0.0,0.0,32.0,,,,회야호(여수로)
2020.12.14,8.5,7.6,10.1,,6.0,7.4,0.0,0.0,0.0,0.0,0.0,,,,회야호(여수로)
2020.12.21,7.4,7.6,10.6,2.8,4.0,7.3,0.0,0.0,0.0,0.0,0.0,,,,회야호(여수로)
2020.12.28,7.5,7.5,10.2,3.0,4.2,3.9,0.0,0.0,0.0,0.0,0.0,,,,회야호(여수로)
2021.01.04,4.0,7.8,11.2,,2.4,11.7,0.0,0.0,0.0,0.0,0.0,,,,회야호(여수로)
2021.01.11,1.4,8.2,11.1,,2.2,9.0,0.0,0.0,0.0,0.0,0.0,,,,회야호(여수로)
2021.01.18,3.6,8.0,11.4,,3.1,8.9,0.0,0.0,0.0,0.0,0.0,,,,회야호(여수로)
2021.01.25,3.6,8.0,11.4,2.0,3.8,33.4,0.0,0.0,0.0,0.0,0.0,,,,회야호(여수로)
2021.02.01,5.7,7.5,11.9,1.7,3.6,30.0,0.0,0.0,0.0,0.0,0.0,,,,회야호(여수로)
2021.02.08,6.9,7.7,12.3,1.3,3.7,25.0,0.0,0.0,0.0,0.0,0.0,,,,회야호(여수로)
2021.02.15,7.7,7.7,11.4,1.3,3.8,10.7,0.0,0.0,0.0,0.0,0.0,,,,회야호(여수로)
2021.02.22,8.1,7.6,10.8,1.3,5.6,19.4,0.0,0.0,0.0,0.0,0.0,,,,회야호(여수로)
2021.03.02,8.0,7.7,10.5,1.2,5.0,11.0,0.0,0.0,0.0,0.0,0.0,,,,회야호(여수로)
2021.03.08,8.7,7.6,10.1,1.0,6.8,7.9,0.0,0.0,0.0,0.0,0.0,,,,회야호(여수로)
2021.03.15,11.3,8.0,9.3,,4.8,13.8,0.0,0.0,0.0,0.0,0.0,,,,회야호(여수로)
2021.03.22,11.4,7.8,8.3,,2.9,7.7,0.0,0.0,0.0,0.0,0.0,,,,회야호(여수로)
2021.03.29,13.1,7.6,7.7,,5.3,2.3,0.0,0.0,0.0,0.0,0.0,,,,회야호(여수로)
2021.04.05,10.8,7.5,7.6,,3.1,1.5,0.0,0.0,0.0,0.0,0.0,,,,회야호(여수로)
2021.04.12,13.8,7.5,7.1,4.4,2.2,3.0,0.0,0.0,0.0,0.0,0.0,,,,회야호(여수로)
2021.04.19,14.9,8.1,7.1,5.3,2.2,3.9,0.0,0.0,0.0,0.0,0.0,,,,회야호(여수로)
2021.04.26,15.6,7.4,6.7,5.0,3.5,3.0,0.0,0.0,0.0,0.0,0.0,,,,회야호(여수로)
2021.05.03,16.1,7.3,7.1,,2.0,2.7,0.0,0.0,0.0,0.0,0.0,,,,회야호(여수로)
2021.05.10,16.5,7.5,7.2,4.6,2.3,1.4,0.0,0.0,0.0,0.0,0.0,,,,회야호(여수로)
2021.05.17,17.7,7.5,5.0,5.0,2.5,2.6,0.0,0.0,0.0,0.0,0.0,,,,회야호(여수로)
2021.05.24,18.6,7.3,6.6,6.5,1.8,2.3,0.0,0.0,0.0,0.0,0.0,,,,회야호(여수로)
2021.05.31,19.5,7.4,6.9,4.5,2.1,2.2,0.0,0.0,0.0,0.0,0.0,,,,회야호(여수로)
2021.06.07,22.5,7.5,7.0,3.0,2.6,4.0,0.0,0.0,0.0,0.0,0.0,,,,회야호(여수로)
2021.06.14,22.1,7.9,6.1,3.8,1.9,8.1,0.0,0.0,0.0,0.0,0.0,,,,회야호(여수로)
2021.06.21,21.6,7.5,6.8,4.5,3.9,7.3,0.0,0.0,0.0,0.0,0.0,,,,회야호(여수로)
2021.06.28,20.9,7.6,6.2,4.5,1.8,5.0,0.0,0.0,0.0,0.0,0.0,,,,회야호(여수로)
2021.07.05,21.8,7.5,5.9,2.2,2.0,6.5,0.0,0.0,0.0,0.0,0.0,,,,회야호(여수로)
2021.07.12,24.3,7.2,7.7,2.2,11.6,6.0,0.0,0.0,0.0,0.0,0.0,,,,회야호(여수로)
2021.07.19,24.9,7.5,5.8,2.0,8.0,12.1,80.0,0.0,0.0,0.0,80.0,,,,회야호(여수로)
2021.07.26,25.2,7.5,6.1,2.3,4.3,12.7,140.0,0.0,0.0,0.0,140.0,,,,회야호(여수로)
2021.08.02,27.1,7.4,6.3,2.1,4.6,7.2,430.0,100.0,140.0,0.0,190.0,,,,회야호(여수로)
2021.08.09,26.9,7.7,6.9,1.2,5.5,10.6,1220.0,650.0,310.0,0.0,260.0,,,,회야호(여수로)
2021.08.17,26.0,7.3,6.1,,5.3,8.4,860.0,300.0,100.0,250.0,210.0,,,,회야호(여수로)
2021.08.23,24.4,7.1,6.9,1.5,35.8,2.5,170.0,90.0,0.0,0.0,80.0,,,,회야호(여수로)
2021.08.30,24.7,7.9,8.7,1.3,62.6,5.9,0.0,0.0,0.0,0.0,0.0,,,,회야호(여수로)
2021.09.06,22.9,7.3,6.9,1.0,38.2,10.1,0.0,0.0,0.0,0.0,0.0,,,,회야호(여수로)
2021.09.13,23.8,7.8,8.4,1.3,31.1,12.6,0.0,0.0,0.0,0.0,0.0,,,,회야호(여수로)
2021.09.23,23.8,7.2,7.0,1.3,12.1,9.4,90.0,30.0,0.0,0.0,60.0,,,,회야호(여수로)
2021.09.27,22.9,7.2,6.2,1.4,7.4,7.8,130.0,0.0,0.0,0.0,130.0,,,,회야호(여수로)
2021.10.05,23.9,7.2,6.2,1.9,5.8,7.8,50.0,0.0,0.0,0.0,50.0,,,,회야호(여수로)
2021.10.12,22.7,7.1,5.5,2.4,4.0,3.1,250.0,0.0,120.0,0.0,130.0,,,,회야호(여수로)
2021.10.18,21.0,7.3,6.0,2.0,5.1,5.4,20.0,0.0,20.0,0.0,0.0,,,,회야호(여수로)
2021.10.25,19.8,7.3,6.0,1.7,3.4,4.7,40.0,0.0,40.0,0.0,0.0,,,,회야호(여수로)
2021.11.01,18.7,7.3,6.8,1.8,5.5,5.6,120.0,0.0,120.0,0.0,0.0,,,,회야호(여수로)
2021.11.08,18.4,7.3,6.8,1.6,5.2,4.4,20.0,0.0,20.0,0.0,0.0,,,,회야호(여수로)
2021.11.15,16.3,7.4,7.4,1.5,9.8,5.3,40.0,0.0,40.0,0.0,0.0,,,,회야호(여수로)
2021.11.22,14.9,7.4,7.9,2.0,5.3,6.6,120.0,0.0,40.0,0.0,80.0,,,,회야호(여수로)
2021.11.29,13.0,7.4,7.3,1.9,7.8,5.9,0.0,0.0,0.0,0.0,0.0,,,,회야호(여수로)
2021.12.06,10.9,7.6,10.9,2.2,3.4,3.8,0.0,0.0,0.0,0.0,0.0,,,,회야호(여수로)
